1656155637.000369,0
1656155637.104618,0
1656155637.209558,0
1656155637.313182,0
1656155637.420070,0
1656155637.523958,0
1656155637.628232,0
1656155637.732883,0
1656155637.836515,0
1656155637.940397,0
1656155638.044589,11
1656155638.148175,9
1656155638.253084,11
1656155638.358349,17
1656155638.462605,11
1656155638.568361,5
1656155638.673340,4
1656155638.777506,5
1656155638.882116,7
1656155638.987543,5
1656155639.092537,5
1656155639.197031,3
1656155639.302121,4
1656155639.407725,5
1656155639.512336,4
1656155639.617691,3
1656155639.724493,6
1656155639.829008,5
1656155639.933635,7
1656155640.038664,8
1656155640.144424,8
1656155640.249041,7
1656155640.353256,5
1656155640.457791,6
1656155640.562690,5
1656155640.666903,5
1656155640.771594,5
1656155640.878143,7
1656155640.993680,6
1656155641.099672,6
1656155641.204885,6
1656155641.310449,6
1656155641.415343,6
1656155641.520664,5
1656155641.627893,6
1656155641.733623,6
1656155641.839285,7
1656155641.943514,7
1656155642.049290,7
1656155642.153943,5
1656155642.259912,6
1656155642.365324,7
1656155642.469700,6
1656155642.574083,6
1656155642.678273,6
1656155642.784357,8
1656155642.888896,7
1656155643.010047,5
1656155643.115158,5
1656155643.220097,5
1656155643.325292,7
1656155643.430367,6
1656155643.534466,4
1656155643.638829,5
1656155643.743283,5
1656155643.847426,5
1656155643.951783,5
1656155644.056743,6
1656155644.162217,9
1656155644.267488,7
1656155644.372265,7
1656155644.476842,5
1656155644.581581,4
1656155644.686290,6
1656155644.790779,7
1656155644.895233,7
1656155645.000202,6
1656155645.108739,4
1656155645.212884,3
1656155645.316799,4
1656155645.422300,3
1656155645.527958,4
1656155645.633179,4
1656155645.737159,4
1656155645.841916,3
1656155645.947040,4
1656155646.052432,4
1656155646.157107,4
1656155646.262141,4
1656155646.367006,5
1656155646.473551,4
1656155646.580667,3
1656155646.685433,4
1656155646.789494,4
1656155646.894686,3
1656155646.999824,4
1656155647.105575,3
1656155647.210914,4
1656155647.316271,4
1656155647.421298,4
1656155647.525291,4
1656155647.630389,4
1656155647.734736,3
1656155647.840325,3
1656155647.945500,4
1656155648.051378,1
1656155648.156024,1
1656155648.259826,6
1656155648.364805,7
1656155648.469848,7
1656155648.574553,4
1656155648.678571,3
1656155648.783078,6
1656155648.887939,6
1656155648.993217,5
1656155649.097588,3
1656155649.210206,4
1656155649.315767,5
1656155649.420167,4
1656155649.525298,3
1656155649.633065,4
1656155649.738575,5
1656155649.842643,4
1656155649.946827,5
1656155650.052156,4
1656155650.156885,4
1656155650.262075,5
1656155650.367708,3
1656155650.473488,5
1656155650.578359,6
1656155650.682853,6
1656155650.788359,4
1656155650.893768,5
1656155650.999298,6
1656155651.103841,4
1656155651.208559,4
1656155651.314148,5
1656155651.420383,6
1656155651.531485,4
1656155651.636434,5
1656155651.742240,4
1656155651.847512,5
1656155651.951872,5
1656155652.057138,6
1656155652.161189,6
1656155652.265369,4
1656155652.369607,3
1656155652.473525,4
1656155652.578409,5
1656155652.683358,3
1656155652.788307,4
1656155652.892909,4
1656155653.008336,4
1656155653.113571,6
1656155653.218637,5
1656155653.334476,3
1656155653.440919,5
1656155653.549347,4
1656155653.654965,4
1656155653.760164,4
1656155653.864707,5
1656155653.970077,6
1656155654.075439,5
1656155654.180247,5
1656155654.285249,4
1656155654.390191,4
1656155654.495269,3
1656155654.599935,3
1656155654.703823,4
1656155654.807775,3
1656155654.912733,4
1656155655.017379,4
1656155655.121901,4
1656155655.227119,5
1656155655.332134,5
1656155655.437482,6
1656155655.542876,7
1656155655.648409,6
1656155655.754142,4
1656155655.859042,5
1656155655.963026,4
1656155656.068177,5
1656155656.173236,4
1656155656.277156,5
1656155656.382076,4
1656155656.486085,5
1656155656.590503,5
1656155656.694738,5
1656155656.799668,4
1656155656.905678,4
1656155657.011603,5
1656155657.117357,4
1656155657.224046,3
1656155657.328964,4
1656155657.437283,4
1656155657.543185,6
1656155657.648014,5
1656155657.753585,6
1656155657.858264,5
1656155657.963358,5
1656155658.067887,5
1656155658.173455,6
1656155658.278708,1
1656155658.384089,2
1656155658.489986,4
1656155658.594752,6
1656155658.699523,6
1656155658.804142,5
1656155658.908418,5
1656155659.012825,5
1656155659.118078,4
1656155659.223426,5
1656155659.327961,5
1656155659.433198,5
1656155659.538599,5
1656155659.645410,8
1656155659.750385,4
1656155659.855263,5
1656155659.959315,5
1656155660.063947,7
1656155660.167980,6
1656155660.272546,6
1656155660.377826,4
1656155660.482436,4
1656155660.586707,5
1656155660.691428,5
1656155660.796735,6
1656155660.901418,5
1656155661.006776,5
1656155661.111722,5
1656155661.216269,4
1656155661.320276,5
1656155661.425175,5
1656155661.531827,4
1656155661.636266,4
1656155661.742712,5
1656155661.848276,5
1656155661.952560,5
1656155662.057163,5
1656155662.161682,4
1656155662.266576,6
1656155662.371396,4
1656155662.475384,5
1656155662.580965,5
1656155662.686314,6
1656155662.791264,5
1656155662.895781,4
1656155663.007125,5
1656155663.113152,5
1656155663.217124,5
1656155663.321709,5
1656155663.425716,5
1656155663.529987,5
1656155663.635523,5
1656155663.740700,5
1656155663.845333,4
1656155663.949805,4
1656155664.054742,4
1656155664.159520,5
1656155664.263458,5
1656155664.368889,4
1656155664.473337,5
1656155664.578553,5
1656155664.683307,5
1656155664.788445,5
1656155664.893483,5
1656155664.999406,7
1656155665.104455,6
1656155665.209561,6
1656155665.314068,4
1656155665.419696,5
1656155665.524448,5
1656155665.630273,4
1656155665.736371,5
1656155665.840575,5
1656155665.945554,4
1656155666.050774,5
1656155666.155414,5
1656155666.260393,5
1656155666.364207,5
1656155666.468203,4
1656155666.573128,5
1656155666.681303,4
1656155666.785322,4
1656155666.891324,5
1656155666.995463,5
1656155667.100402,4
1656155667.205519,5
1656155667.310078,5
1656155667.415022,6
1656155667.520117,6
1656155667.625249,6
1656155667.730548,5
1656155667.835354,5
1656155667.939850,5
1656155668.044235,4
1656155668.149352,5
1656155668.254790,5
1656155668.359822,5
1656155668.464079,1
1656155668.568225,2
1656155668.673394,4
1656155668.778332,6
1656155668.883160,5
1656155668.988719,5
1656155669.093789,6
1656155669.198676,5
1656155669.303911,5
1656155669.409083,6
1656155669.514093,4
1656155669.618418,4
1656155669.723195,6
1656155669.828922,4
1656155669.936439,5
1656155670.042950,6
1656155670.150157,5
1656155670.255682,5
1656155670.360118,5
1656155670.466515,5
1656155670.572219,6
1656155670.676986,5
1656155670.787685,4
1656155670.894525,4
1656155671.000511,4
1656155671.105720,5
1656155671.211131,5
1656155671.315792,5
1656155671.419791,5
1656155671.523771,5
1656155671.628505,4
1656155671.733616,5
1656155671.839232,4
1656155671.945340,6
1656155672.051665,6
1656155672.156727,7
1656155672.262088,5
1656155672.367439,5
1656155672.472690,5
1656155672.577636,5
1656155672.683185,5
1656155672.788308,5
1656155672.892991,5
1656155673.005616,4
1656155673.109645,5
1656155673.214630,4
1656155673.319601,4
1656155673.424868,5
1656155673.528971,5
1656155673.634536,4
1656155673.740172,6
1656155673.845376,5
1656155673.949801,4
1656155674.055969,4
1656155674.161510,6
1656155674.267191,5
1656155674.372849,6
1656155674.477061,4
1656155674.582476,5
1656155674.686655,5
1656155674.791419,5
1656155674.907199,4
1656155675.012126,5
1656155675.116682,5
1656155675.222025,4
1656155675.327676,5
1656155675.433149,6
1656155675.538281,4
1656155675.643417,5
1656155675.749017,5
1656155675.854622,5
1656155675.961799,4
1656155676.074232,5
1656155676.187062,4
1656155676.299044,4
1656155676.407748,3
1656155676.521344,4
1656155676.631240,4
1656155676.742084,3
1656155676.854757,4
1656155676.999715,2
1656155677.108244,4
1656155677.217876,4
1656155677.326710,4
1656155677.434015,4
1656155677.541572,4
1656155677.648120,4
1656155677.754760,5
1656155677.861341,6
1656155677.966778,5
1656155678.075237,3
1656155678.182238,5
1656155678.288334,4
1656155678.394160,5
1656155678.500627,6
1656155678.607662,6
1656155678.716495,0
1656155678.823044,1
1656155678.930400,3
1656155679.036569,3
1656155679.146463,3
1656155679.253839,3
1656155679.361206,3
1656155679.467835,3
1656155679.577256,3
1656155679.684301,3
1656155679.792395,4
1656155679.899381,4
1656155680.007647,4
1656155680.134095,2
1656155680.243807,5
1656155680.353160,4
1656155680.465127,3
1656155680.571299,3
1656155680.678814,3
1656155680.788761,3
1656155680.898855,3
1656155681.007964,4
1656155681.116539,3
1656155681.226936,4
1656155681.336639,3
1656155681.449412,4
1656155681.558458,3
1656155681.668262,3
1656155681.778848,3
1656155681.890459,3
1656155682.003209,4
1656155682.114876,3
1656155682.240525,2
1656155682.352524,4
1656155682.463327,3
1656155682.575051,3
1656155682.686022,3
1656155682.795331,3
1656155682.905855,4
1656155683.021218,2
1656155683.131899,4
1656155683.239115,5
1656155683.349005,4
1656155683.456099,4
1656155683.564127,3
1656155683.670522,4
1656155683.777114,4
1656155683.881718,3
1656155683.987986,4
1656155684.093681,4
1656155684.199685,3
1656155684.304954,3
1656155684.409711,5
1656155684.515932,7
1656155684.622210,5
1656155684.728118,3
1656155684.833648,4
1656155684.939844,4
1656155685.044347,3
1656155685.151870,4
1656155685.257828,5
1656155685.369187,3
1656155685.474855,5
1656155685.580791,6
1656155685.686767,4
1656155685.793177,4
1656155685.900330,4
1656155686.006985,4
1656155686.113598,4
1656155686.219947,3
1656155686.327831,3
1656155686.435378,3
1656155686.541926,3
1656155686.649209,3
1656155686.756580,4
1656155686.864362,3
1656155686.970774,5
1656155687.080171,3
1656155687.187815,4
1656155687.294502,3
1656155687.400872,3
1656155687.507579,3
1656155687.614305,3
1656155687.721365,4
1656155687.827530,4
1656155687.936157,4
1656155688.041903,3
1656155688.147546,3
1656155688.254086,3
1656155688.359130,3
1656155688.478204,3
1656155688.583418,5
1656155688.688648,4
1656155688.794387,4
1656155688.899817,1
1656155689.006550,1
1656155689.112019,5
1656155689.216412,4
1656155689.322400,4
1656155689.428793,3
1656155689.534247,4
1656155689.639649,4
1656155689.744782,3
1656155689.850176,5
1656155689.955028,5
1656155690.059973,3
1656155690.165623,4
1656155690.271601,4
1656155690.376835,4
1656155690.482085,3
1656155690.587528,4
1656155690.693088,3
1656155690.798501,4
1656155690.903961,4
1656155691.009386,4
1656155691.114058,3
1656155691.219651,4
1656155691.324830,5
1656155691.430727,6
1656155691.535264,7
1656155691.640657,4
1656155691.745115,4
1656155691.853031,3
1656155691.958529,4
1656155692.064242,4
1656155692.168797,4
1656155692.274579,4
1656155692.379093,3
1656155692.484154,4
1656155692.596734,3
1656155692.702802,4
1656155692.808113,5
1656155692.912513,4
1656155693.017335,5
1656155693.122427,4
1656155693.227560,4
1656155693.332760,3
1656155693.438782,4
1656155693.544269,4
1656155693.649598,4
1656155693.753629,4
1656155693.858775,4
1656155693.964231,4
1656155694.068667,3
1656155694.173509,5
1656155694.277528,5
1656155694.382774,5
1656155694.488046,3
1656155694.593683,4
1656155694.697731,3
1656155694.803551,3
1656155694.908047,4
1656155695.015263,4
1656155695.121323,3
1656155695.226313,4
1656155695.330684,5
1656155695.435568,4
1656155695.540972,4
1656155695.645187,3
1656155695.749494,4
1656155695.854716,4
1656155695.960251,4
1656155696.065444,3
1656155696.171374,4
1656155696.284871,4
1656155696.389562,3
1656155696.494885,4
1656155696.600005,4
1656155696.705362,4
1656155696.811409,3
1656155696.916999,3
1656155697.022431,4
1656155697.128975,3
1656155697.235331,3
1656155697.340675,5
1656155697.445575,5
1656155697.550555,5
1656155697.655561,5
1656155697.759880,4
1656155697.865026,4
1656155697.970445,3
